 Capt           1       0 70.0   70.0
 Col            2       0 58.0   58.0
 Don            1       0 40.0   40.0
 Dr             6       1 42.0   46.5
 Jonkheer       1       0 38.0   38.0
 Lady           1       0 48.0   48.0
 Major          2       0 48.5   48.5
 Master        36       4  4.6    3.5
 Miss         146      36 21.8   21.0
 Mlle           2       0 24.0   24.0
 Mme            1       0 24.0   24.0
 Mr           398     119 32.4   30.0
 Mrs          108      17 35.9   35.0
 Ms             1       0 28.0   28.0
 Rev            6       0 43.2   46.5
 Sir            1       0 49.0   49.0
 the Countess   1       0 33.0   33.0
 ALL          714     177 29.7   28.0